0
3.266124
3.262935
3.266124
3.266124
3.266124
3.266124
3.266124
3.266124
3.262935
3.266124
3.259745
3.266124
3.266124
3.266124
3.266124
3.266124
3.262935
3.266124
3.266124
3.259745
3.266124
3.266124
3.266124
3.266124
3.266124
3.266124
3.266124
3.262935
3.266124
3.266124
3.266124
3.266124
3.256556
3.266124
3.266124
3.266124
3.259745
3.259745
3.266124
3.259745
3.266124
3.256556
3.266124
3.266124
3.266124
3.266124
3.266124
3.262935
3.266124
3.262935
3.266124
3.266124
3.266124
3.100273
2.889771
2.660131
2.427302
2.239125
2.086032
1.875529
1.645890
1.451334
1.231263
1.014381
0.823015
0.641217
0.475366
0.312705
0.137285
0.003329
0.003329
0.003329
0.003329
0.003329
0.003329
0.003329
0.003329
0.003329
0.003329
0.003329
0.003329
0.003329
0.003329
0.003329
0.003329
0.003329
0.003329
0.003329
0.003329
0.003329
0.003329
0.003329
0.003329
0.003329
0.003329
0.003329
0.003329
0.003329
0.003329
0.003329
0.003329
0.003329
0.003329
0.003329
0.003329
0.003329
0.003329
0.003329
0.003329
0.003329
0.003329
0.003329
0.003329
0.003329
0.025655
0.210643
0.421145
0.653974
0.912319
1.141958
1.298241
1.409871
1.502365
1.649079
1.722436
1.786225
1.999917
2.127495
2.248693
2.401787
2.615479
2.832361
3.020538
3.189578
3.266124
3.266124
3.266124
3.266124
3.266124
3.259745
3.266124
3.266124
3.266124
3.262935
3.266124
3.266124
3.266124
3.256556
3.266124
3.262935
3.262935
3.266124
3.266124
3.262935
3.266124
3.262935
3.262935
3.266124
3.262935
3.266124
3.266124
3.266124
3.266124
3.266124
3.266124
3.262935
3.266124
3.266124
3.266124
3.266124
3.262935
3.266124
3.266124
3.266124
3.262935
3.266124
3.266124
3.262935
3.266124
3.266124
3.266124
3.266124
3.266124
3.259745
3.266124
3.199146
3.023727
2.781330
2.325240
1.875529
1.604427
1.301430
1.074980
0.870856
0.663543
0.443471
0.191506
0.003329
0.003329
0.003329
0.003329
0.003329
0.003329
0.003329
0.003329
0.003329
0.003329
0.003329
0.003329
0.003329
0.003329
0.003329
0.003329
0.003329
0.003329
0.003329
0.003329
0.003329
0.003329
0.003329
0.003329
0.003329
0.003329
0.003329
0.003329
0.003329
0.003329
0.003329
0.003329
0.003329
0.003329
0.012897
0.194695
0.424335
0.711384
1.049465
1.454523
1.824498
2.248693
2.790898
3.157683
3.259745
3.266124
3.262935
3.266124
3.266124
3.266124
3.266124
3.266124
3.266124
3.266124
3.266124
3.266124
3.262935
3.266124
3.266124
