475.930237
48.284149
242.524261
39.959309
50.313869
40.708858
34.356632
21.570757
32.936935
24.310137
15.408119
8.622245
14.782150
10.752649
10.433674
5.539228
4.176776
3.687909
3.145788
6.379083
6.252319
1.030844
7.313473
4.691414
6.493223
2.309900
5.398629
4.146796
4.888926
1.993592
3.199725
8.519575
4.392066
1.545833
2.766179
2.642742
4.298553
1.311881
3.595357
2.452829
4.945398
2.493896
4.466899
2.868858
4.913073
2.613570
4.245663
5.003859
3.884015
1.921635
3.862744
2.069983
3.763786
1.972242
4.291148
2.319477
4.173801
2.231389
4.532931
2.326798
4.208721
2.414474
4.604335
13.492324
3.880353
2.273874
4.222895
2.083772
3.533146
2.174725
4.153751
2.277184
3.945684
2.415609
4.438710
2.442597
4.331436
2.331778
4.214113
4.733591
4.225416
2.130665
3.935420
1.936528
4.315125
2.407417
4.048179
2.054763
4.435859
2.419896
4.151945
2.024268
4.435310
2.284556
4.197901
6.948261
4.423699
2.109659
4.241385
1.962985
4.406621
2.019616
4.297621
2.094855
4.426319
2.128685
4.299757
2.117611
4.376712
2.152650
4.275232
4.808318
4.225032
2.047947
4.354075
2.129650
4.382724
2.132190
4.391998
2.154729
4.315162
2.046673
4.222406
2.166230
4.326530
2.069951
4.193129
26.068386
4.441307
2.177097
4.193056
2.075987
4.326482
2.138707
4.221859
2.068891
4.314192
2.133636
4.392736
2.154073
4.382591
2.107984
4.355498
4.831074
4.224500
2.042804
4.276053
2.184025
4.375824
2.104722
4.299590
2.146005
4.427769
2.065652
4.297314
2.046905
4.408161
1.938132
4.240295
7.119532
4.425828
1.986356
4.197895
2.325026
4.437582
2.009692
4.151872
2.449075
4.436856
2.034858
4.048789
2.411072
4.316481
1.927875
3.935740
4.879927
4.225322
2.079306
4.212945
2.358491
4.332411
2.455441
4.440984
2.420259
3.950984
2.266015
4.157287
2.183617
3.535007
2.100839
4.220729
13.566711
3.878537
2.334338
4.600828
2.413563
4.210102
2.318328
4.530497
2.208810
4.180150
2.289457
4.289688
1.958908
3.769140
2.037694
3.858716
4.740880
3.878040
2.319385
4.240665
2.658230
4.905399
2.851209
4.477270
2.463846
4.944635
2.417680
3.620832
1.321716
4.294152
2.696990
2.788528
6.628544
4.381795
3.815799
3.206731
2.167057
4.874862
4.088446
5.395597
2.440408
6.487992
4.490363
7.322744
0.869722
6.272553
6.208801
3.152348
3.930061
4.184866
8.370031
10.386501
10.923788
14.792149
8.749187
15.365234
24.185339
32.981106
21.340157
34.316502
40.472534
50.355591
39.818741
242.477295
